1,1,1,1,1,1,1,1,1,1,1,1,1,1,1,1,1,
1,0,0,0,0,0,0,0,0,0,0,0,0,0,0,0,1,
1,0,0,0,0,0,0,0,0,0,2,2,2,0,0,0,1,
1,0,0,0,0,0,0,0,0,0,2,0,2,0,0,0,1,
1,0,0,0,0,0,0,0,0,0,2,2,2,0,0,0,1,
1,0,0,0,0,0,0,0,0,0,0,0,0,0,0,0,1,
1,0,0,0,0,0,0,0,0,0,0,0,0,0,0,0,1,
1,0,0,0,0,0,0,0,0,0,0,0,0,0,0,0,1,
1,0,0,0,0,0,0,0,0,0,0,0,0,0,0,0,1,
1,0,0,0,0,0,0,0,0,0,0,0,0,0,0,0,1,
1,0,0,0,0,0,0,0,0,0,0,0,0,0,0,0,1,
1,0,0,0,0,0,0,0,0,0,0,0,0,0,0,0,1,
1,0,0,0,0,0,0,0,0,0,0,0,0,0,0,0,1,
1,0,0,0,0,0,0,0,0,0,0,0,0,0,0,0,1,
1,0,0,0,0,0,0,0,0,0,0,0,0,0,0,0,1,
1,0,0,0,0,0,0,0,0,0,0,0,0,0,0,0,1,
1,1,1,1,1,1,1,1,1,1,1,1,1,1,1,1,1,
t
131,131,131,131,131,131,131,131,131,131,131,131,131,131,131,131,131,
131,0,0,0,0,0,0,0,0,0,0,0,0,0,0,0,131,
131,0,0,0,0,0,0,0,0,0,132,133,133,0,0,0,131,
131,0,0,0,0,0,0,0,0,0,132,0,133,0,0,0,131,
131,0,0,0,0,0,0,0,0,0,132,133,133,0,0,0,131,
131,0,0,0,0,0,0,0,0,0,0,0,0,0,0,0,131,
131,0,0,0,0,0,0,0,0,0,0,0,0,0,0,0,131,
131,0,0,0,0,0,0,0,0,0,0,0,0,0,0,0,131,
131,0,0,0,0,0,0,0,0,0,0,0,0,0,0,0,131,
131,0,0,0,0,0,0,0,0,0,0,0,0,0,0,0,131,
131,0,0,0,0,0,0,0,0,0,0,0,0,0,0,0,131,
131,0,0,0,0,0,0,0,0,0,0,0,0,0,0,0,131,
131,0,0,0,0,0,0,0,0,0,0,0,0,0,0,0,131,
131,0,0,0,0,0,0,0,0,0,0,0,0,0,0,0,131,
131,0,0,0,0,0,0,0,0,0,0,0,0,0,0,0,131,
131,0,0,0,0,0,0,0,0,0,0,0,0,0,0,0,131,
131,131,131,131,131,131,131,131,131,131,131,131,131,131,131,131,131,
o
230.0,44.3828010559082,46.41559982299805,5.0,
129.0,13.290666580200195,10.577783584594727,3.0,
129.0,45.09866714477539,38.87644958496094,3.0,
