2,2,2,2,2,2,2,
2,0,2,0,2,0,2,
2,0,2,2,2,0,2,
2,0,0,0,0,0,2,
2,2,2,2,2,2,2,
2,0,0,0,0,0,2,
2,0,0,0,0,0,2,
2,0,0,0,0,0,2,
2,0,4,0,4,0,2,
2,0,0,0,0,0,2,
2,0,4,0,4,0,2,
2,0,0,0,0,0,2,
2,0,0,0,0,0,2,
1,0,0,0,0,0,1,
1,0,0,0,0,0,1,
1,0,0,0,0,0,1,
1,0,0,0,0,0,1,
1,0,0,0,0,0,1,
1,0,0,0,0,0,1,
1,0,0,0,0,0,1,
1,0,0,0,0,0,1,
1,0,0,0,0,0,1,
1,0,0,0,0,0,1,
1,0,0,0,0,0,1,
1,1,1,1,1,1,1,
t
139,139,139,139,139,139,139,
139,0,133,0,133,0,139,
139,0,233,233,233,0,139,
139,0,0,0,0,0,139,
139,133,233,233,233,133,139,
139,0,0,0,0,0,139,
139,0,0,0,0,0,139,
139,0,0,0,0,0,139,
139,0,129,0,129,0,139,
139,0,0,0,0,0,139,
139,0,129,0,129,0,139,
139,0,0,0,0,0,139,
139,0,0,0,0,0,139,
139,0,0,0,0,0,139,
139,0,0,0,0,0,139,
135,0,0,0,0,0,135,
135,0,0,0,0,0,135,
135,0,0,0,0,0,135,
135,0,0,0,0,0,135,
135,0,0,0,0,0,135,
135,0,0,0,0,0,135,
135,0,0,0,0,0,135,
135,0,0,0,0,0,135,
135,0,0,0,0,0,135,
135,135,135,135,135,135,135,
o
131.0,52.23436641693115,10.119099617004395,
131.0,55.72267246246338,10.05895709991455,
131.0,48.926491260528564,10.119099617004395,
129.0,45.979474782943726,10.179243087768555,2.0,
129.0,81.08982849121094,10.358928680419922,2.0,
229.0,73.67374420166016,10.546785354614258,
