1,1,1,1,1,1,1,1,1,1,1,1,1,1,1,
1,0,1,0,0,0,1,0,0,0,1,0,0,0,1,
1,0,1,0,0,0,1,0,0,0,1,0,1,1,1,
1,0,1,0,1,0,1,0,1,0,1,0,1,0,1,
1,0,1,0,1,0,0,0,1,0,1,0,1,1,1,
1,0,1,0,1,0,0,0,1,0,1,0,0,0,1,
1,1,1,1,1,1,1,1,1,1,1,1,1,1,1,
t
131,131,131,131,131,131,131,131,131,131,131,131,131,131,131,
131,0,131,0,0,0,131,0,0,0,140,0,0,0,131,
131,0,131,0,0,0,131,0,0,0,140,0,140,140,131,
131,0,131,0,131,0,131,0,131,0,140,0,140,0,131,
131,0,231,0,131,0,0,0,131,0,140,0,140,140,131,
131,0,231,0,131,0,0,0,131,0,140,0,0,0,131,
131,131,131,131,131,131,131,131,131,131,131,131,131,131,131,
o
230.0,10.206000328063965,3.371202230453491,10.0,
129.0,16.673999786376953,3.6652023792266846,0.0,
129.0,10.441200256347656,45.76599884033203,3.0,
