2,2,2,2,2,2,2,2,2,2,2,2,2,2,2,
2,0,0,0,2,2,0,2,0,2,0,2,0,2,2,
2,2,2,2,2,2,2,2,2,2,2,2,2,2,2,
t
136,136,136,136,136,136,136,136,136,136,136,136,136,136,136,
136,0,0,0,236,129,0,129,0,129,0,129,0,129,136,
136,136,136,136,136,136,136,136,136,136,136,136,136,136,136,
o
130.0,3.6175994873046875,26.362001419067383,
130.0,3.1471996307373047,31.654001235961914,
130.0,3.2647995948791504,36.122798919677734,
230.0,3.2647995948791504,10.544801712036133,25.0,
129.0,3.6763994693756104,4.1356024742126465,3.0,
129.0,3.499999523162842,46.23640060424805,3.0,
