1.0,5.0,5.0,2.0,4.0,2.0,
1.0,10.0,10.0,3.0,7.0,1.0,
2.0,13.0,5.0,
3.0,13.0,5.0,
4.0,21.239999771118164,11.40999984741211,1.0,
4.0,20.639999389648438,16.690000534057617,1.0,
4.0,20.639999389648438,18.729999542236328,1.0,
4.0,20.639999389648438,27.850000381469727,1.0,
4.0,20.639999389648438,27.969999313354492,1.0,
4.0,20.03999900817871,38.17000198364258,1.0,
4.0,19.439998626708984,38.290000915527344,1.0,
4.0,15.479999542236328,32.64999771118164,1.0,
4.0,19.439998626708984,25.56999969482422,1.0,
4.0,23.759998321533203,39.61000061035156,1.0,
4.0,29.759998321533203,40.93000030517578,1.0,
4.0,24.239999771118164,40.93000030517578,1.0,
4.0,17.8799991607666,33.61000061035156,1.0,
4.0,19.67999839782715,28.689998626708984,1.0,
4.0,21.239999771118164,29.889999389648438,1.0,
4.0,22.67999839782715,24.25,1.0,
4.0,20.759998321533203,19.450000762939453,1.0,
4.0,23.03999900817871,12.25,1.0,
4.0,20.51999855041504,12.489999771118164,1.0,
4.0,19.19999885559082,12.610000610351562,1.0,
4.0,18.239999771118164,19.329999923706055,1.0,
4.0,17.639999389648438,22.93000030517578,1.0,
4.0,16.799999237060547,27.010000228881836,1.0,
4.0,15.119998931884766,27.25,1.0,
4.0,22.19999885559082,4.9300007820129395,1.0,
4.0,21.35999870300293,5.170001029968262,1.0,
4.0,20.51999855041504,9.010000228881836,1.0,
4.0,21.839998245239258,12.850000381469727,1.0,
4.0,16.799999237060547,11.170000076293945,1.0,
4.0,21.599998474121094,6.850000858306885,1.0,
4.0,21.599998474121094,10.8100004196167,1.0,
4.0,23.759998321533203,6.850000858306885,1.0,
4.0,19.31999969482422,10.210000038146973,1.0,
4.0,17.51999855041504,15.130000114440918,1.0,
4.0,18.599998474121094,10.690000534057617,1.0,
4.0,18.0,19.809999465942383,1.0,
4.0,24.959999084472656,16.09000015258789,1.0,
4.0,24.959999084472656,15.850000381469727,1.0,
4.0,22.079999923706055,24.25,1.0,
4.0,19.19999885559082,20.170000076293945,1.0,
4.0,19.31999969482422,14.890000343322754,1.0,
3.0,37.31999969482422,34.209999084472656,
3.0,35.519996643066406,42.970001220703125,
3.0,28.559999465942383,43.33000183105469,
3.0,20.03999900817871,42.01000213623047,
3.0,13.079998970031738,42.4900016784668,
3.0,12.239999771118164,42.37000274658203,
3.0,10.559999465942383,42.25,
3.0,13.679999351501465,29.649999618530273,
3.0,10.199999809265137,19.690000534057617,
3.0,4.919999599456787,18.729999542236328,
3.0,2.999999761581421,22.329999923706055,
3.0,4.679999828338623,26.40999984741211,
3.0,10.079999923706055,28.44999885559082,
3.0,13.799999237060547,27.25,
3.0,17.03999900817871,30.010000228881836,
3.0,21.479999542236328,33.0099983215332,
3.0,24.719999313354492,27.1299991607666,
3.0,22.079999923706055,19.329999923706055,
3.0,21.599998474121094,18.3700008392334,
3.0,18.239999771118164,19.56999969482422,
3.0,17.279998779296875,26.28999900817871,
3.0,16.920000076293945,27.010000228881836,
3.0,13.679999351501465,23.770000457763672,
3.0,14.75999927520752,19.329999923706055,
3.0,17.279998779296875,20.049999237060547,
3.0,26.759998321533203,22.329999923706055,
3.0,28.67999839782715,21.010000228881836,
3.0,28.67999839782715,18.1299991607666,
3.0,28.559999465942383,14.529999732971191,
3.0,29.279998779296875,14.289999961853027,
3.0,29.03999900817871,24.60999870300293,
3.0,28.67999839782715,29.649999618530273,
3.0,28.19999885559082,31.56999969482422,
3.0,26.999998092651367,28.689998626708984,
3.0,24.35999870300293,12.730000495910645,
3.0,19.799999237060547,7.9300007820129395,
3.0,18.35999870300293,10.930000305175781,
