131.0,35.47319793701172,20.728403091430664,
131.0,43.04999923706055,19.527204513549805,
131.0,42.680397033691406,27.473602294921875,
131.0,38.52239990234375,26.91920280456543,
131.0,34.4567985534668,26.91920280456543,
131.0,25.401599884033203,24.14720344543457,
131.0,24.56999969482422,17.12480354309082,
131.0,29.374797821044922,10.472003936767578,
129.0,52.38239669799805,9.270803451538086,1.0,1.0,1.0,
129.0,16.623600006103516,38.469200134277344,0.0,1.0,1.0,
132.0,42.4031982421875,48.448402404785156,
230.0,25.95599937438965,38.65400314331055,10.0,
