1,1,0,0,0,0,0,0,0,
1,0,0,0,0,0,0,0,0,
0,0,0,0,0,0,0,0,0,
0,0,0,0,0,0,0,0,0,
0,0,0,0,0,0,0,0,0,
0,0,0,0,0,0,0,0,0,
0,0,0,0,0,0,0,0,0,
0,0,0,0,0,0,0,0,1,
0,0,0,0,0,0,0,1,1,
t
129,129,0,0,0,0,0,0,0,
129,0,0,0,0,0,0,0,0,
0,0,0,0,0,0,0,0,0,
0,0,0,0,0,0,0,0,0,
0,0,0,0,0,0,0,0,0,
0,0,0,0,0,0,0,0,0,
0,0,0,0,0,0,0,0,0,
0,0,0,0,0,0,0,0,129,
0,0,0,0,0,0,0,129,129,
o
129.0,24.50501251220703,3.160863161087036,1.0,
129.0,3.3747012615203857,24.65203094482422,3.0,
132.0,13.999998092651367,13.946542739868164,0.0,
