1,1,1,1,1,1,1,1,1,
1,1,0,1,0,1,0,1,1,
1,0,1,0,0,0,1,0,1,
1,1,0,1,0,1,0,1,1,
1,0,1,0,1,0,1,0,1,
1,1,0,1,0,1,0,1,1,
1,0,1,0,0,0,1,0,1,
1,1,0,1,0,1,0,1,1,
1,1,1,1,1,1,1,1,1,
t
235,235,235,235,235,235,235,235,235,
235,129,0,129,0,129,0,129,235,
235,0,130,0,0,0,130,0,235,
235,129,0,129,0,129,0,129,235,
235,0,130,0,130,0,130,0,235,
235,129,0,129,0,129,0,129,235,
235,0,130,0,0,0,130,0,235,
235,129,0,129,0,129,0,129,235,
235,235,235,235,235,235,235,235,235,
o
129.0,21.24888801574707,13.720000267028809,2.0,
129.0,6.657777786254883,14.124444007873535,3.0,
231.0,12.786666870117188,7.062222003936768,
130.0,16.645797729492188,19.27434730529785,
130.0,24.79420280456543,13.560724258422852,
229.0,9.66608715057373,23.85173988342285,
229.0,3.2707245349884033,10.509130477905273,
