0,0,0,0,0,0,0,0,0,0,0,0,0,0,0,0,0,0,0,0,0,0,0,
0,0,0,0,0,0,0,0,0,0,0,0,0,0,0,0,0,0,0,0,0,0,0,
0,0,0,0,129,129,129,0,0,0,0,0,0,0,0,0,0,0,0,0,0,0,0,
0,0,0,0,129,129,229,0,0,0,0,0,0,0,0,0,0,0,0,0,0,0,0,
0,0,0,0,129,129,129,0,0,0,0,0,0,0,0,0,0,0,0,0,0,0,0,
0,0,0,0,0,0,0,0,0,0,0,0,0,0,0,0,0,0,0,0,0,0,0,
0,0,0,0,0,0,0,0,0,0,130,0,130,0,130,0,130,0,130,0,0,0,0,
0,0,0,0,0,0,0,0,0,0,0,129,0,129,0,129,0,129,0,0,0,0,0,
0,0,0,0,0,0,0,0,0,0,130,0,130,0,130,0,130,0,130,0,0,0,0,
0,0,0,0,0,0,0,0,0,0,0,129,0,129,0,129,0,129,0,0,0,0,0,
0,0,0,0,0,0,0,0,0,0,130,0,130,0,130,0,130,0,130,0,0,0,0,
0,0,0,0,0,0,0,0,0,0,0,0,0,0,0,0,0,0,0,0,0,0,0,
0,0,0,0,0,0,0,0,0,0,0,0,0,0,0,0,0,0,0,0,0,0,0,
0,0,0,0,0,0,0,0,0,0,0,0,0,0,0,0,0,0,0,0,0,0,0,
0,0,0,0,0,0,0,0,0,0,0,0,0,0,0,0,0,0,0,0,0,0,0,
0,0,0,0,0,0,0,0,0,0,0,0,0,0,0,0,0,0,0,0,0,0,0,
0,0,0,0,0,0,0,0,0,0,0,0,0,0,0,0,0,0,0,0,0,0,0,
0,0,0,0,0,0,0,0,0,0,0,0,0,0,0,0,0,0,0,0,0,0,0,
0,0,0,0,0,0,0,0,0,0,0,0,0,0,0,0,0,0,0,0,0,0,0,
