1,1,1,1,1,1,1,
1,0,0,0,0,0,1,
1,0,1,0,1,0,1,
1,0,0,0,0,0,1,
1,0,1,0,1,0,1,
1,0,0,0,0,0,1,
1,1,1,1,1,1,1,
t
129,129,129,129,129,129,129,
129,0,0,0,0,0,129,
129,0,129,0,129,0,129,
129,0,0,0,0,0,129,
129,0,129,0,129,0,129,
129,0,0,0,0,0,129,
129,129,129,129,129,129,129,
o
129.0,10.31956958770752,4.415515899658203,1.0,
129.0,10.31956958770752,15.421720504760742,3.0,
231.0,3.072314739227295,10.550121307373047,
132.0,17.236038208007812,10.309549331665039,2.0,
229.0,15.819999694824219,4.132282733917236,
