0,0,0,0,0,0,0,
0,0,0,0,0,0,0,
0,0,2,2,2,0,0,
0,0,2,0,2,0,0,
0,0,2,2,2,0,0,
0,0,0,0,0,0,0,
0,0,0,0,0,0,0,
t
0,0,0,0,0,0,0,
0,0,0,0,0,0,0,
0,0,129,129,129,0,0,
0,0,129,0,129,0,0,
0,0,129,129,129,0,0,
0,0,0,0,0,0,0,
0,0,0,0,0,0,0,
o
129.0,17.536754608154297,8.475181579589844,1.0,
129.0,2.7415270805358887,13.136279106140137,3.0,
229.0,12.531477928161621,3.367659568786621,
229.0,1.019769549369812,1.0943392515182495,
131.0,17.92456817626953,2.8356058597564697,
131.0,9.314970016479492,3.2467384338378906,
